$ANSIBLE_VAULT;1.1;AES256
31326265366430623637316366353762366436353230353431363732623137396635653530616164
3561626466333835373265336237353238373862366364340a343935626533356264626630346432
61363739623830393762383761396637623132666265303263346166653534663532353137313562
3731383530616637320a323562663563373263316266636138346266653635356563666365303763
66303630626437383364363863643331373930636135633163373231663633666131653063366238
64616366646638306663343732666334366132313037663939316662333861376437663130653562
66623932326235623361343666333531343437643431613338613839633561373363303639333539
63663738373537646630393866393163633766643638343237353534616664333263386438386265
32393165373962303062613833623736343065616432393534306439643762653763633030373961
34346562656336373338343538363465316433366633363565613533666537616437336563643234
61313863653666376530333630313234303865363733356337306133353437333764613730623431
63616134396138623630623839373639313839356234653932373131613635643362326466356635
38666464346136306639396136366565393732383765393362613637373433363037613334666433
61613530643838303031323962666533353436336265613861303862383762373531333064326362
66656539326563373564653138336666326238323430636336346332376362666665666264396230
62363235623534346165313937383037393236643930303236383864653435656535346333393237
36643362633637653736636631343935346334653536613939616162653037646431613632343137
31356632623137306433396439303633393939633134346431323834373834393861356361343635
34333132336432613937393336383061386534356564616261623038343961353639306265366162
37353036373562396432316532393239323535656533666666623666636463333237633635353939
66623262333633353563626463396233353764653836343466323564356235626334336163336662
33356636383764306361336333393666376363316161386237346639646333373439333834393330
37656132313665393731323461343036386433633939653333653932343866613864333963353762
33313533343137626363313436353236316238633039656332343863616561623239356166366636
6565
